# Matter power spectrum P(k) at redshift z=0
# for k=1.04206e-05 to 1.08688 h/Mpc,
# number of wavenumbers equal to 603
#    1:k (h/Mpc)              2:P (Mpc/h)^3        
       1.042057218184e-05       4.833537440101e+01 
       2.326967396518e-05       1.050301521738e+02 
       3.616373004096e-05       1.608006162489e+02 
       4.913726119543e-05       2.162187370378e+02 
       6.222535631243e-05       2.716139589369e+02 
       7.546398371172e-05       3.272355744254e+02 
       8.889031239435e-05       3.832982857593e+02 
       1.025430474484e-04       4.400009711164e+02 
       1.164627839011e-04       4.975362809542e+02 
       1.306923833363e-04       5.560965275175e+02 
       1.452773776036e-04       6.158777778439e+02 
       1.602664038899e-04       6.770830663007e+02 
       1.757116752494e-04       7.399251642863e+02 
       1.916694903341e-04       8.046291137469e+02 
       2.082007854273e-04       8.714346687313e+02 
       2.253717308399e-04       9.405987472634e+02 
       2.432543721139e-04       1.012397804457e+03 
       2.619273140799e-04       1.087130353812e+03 
       2.814764423712e-04       1.165119453127e+03 
       3.019956721811e-04       1.246715037749e+03 
       3.235877075017e-04       1.332296380959e+03 
       3.463647854008e-04       1.422274172046e+03 
       3.704493687096e-04       1.517092120435e+03 
       3.959747365486e-04       1.617228374226e+03 
       4.230854054249e-04       1.723195504949e+03 
       4.519372946641e-04       1.835539776096e+03 
       4.826975299902e-04       1.954838616921e+03 
       5.155437605336e-04       2.081695691366e+03 
       5.506628513833e-04       2.216734386034e+03 
       5.882488116093e-04       2.360586922621e+03 
       6.284998336438e-04       2.513881155272e+03 
       6.716143617775e-04       2.677223352782e+03 
       7.177861817800e-04       2.851177696363e+03 
       7.671986324415e-04       3.036243038310e+03 
       8.200181772979e-04       3.232827929671e+03 
       8.763877240517e-04       3.441225618288e+03 
       9.364202117880e-04       3.661592361287e+03 
       1.000193066268e-03       3.893927823534e+03 
       1.067744117806e-03       4.138065300753e+03 
       1.139069465963e-03       4.393667903504e+03 
       1.214123567878e-03       4.660235700029e+03 
       1.292821558526e-03       4.937120980754e+03 
       1.375043537819e-03       5.223531274375e+03 
       1.460640339736e-03       5.518594538602e+03 
       1.549440174665e-03       5.821393653268e+03 
       1.641255521180e-03       6.130955571898e+03 
       1.735889722335e-03       6.446297882453e+03 
       1.833142880320e-03       6.766452866652e+03 
       1.932816803010e-03       7.090485227496e+03 
       2.034718904398e-03       7.417507837903e+03 
       2.138665078221e-03       7.746690529780e+03 
       2.244481643054e-03       8.077266531479e+03 
       2.352006500164e-03       8.408535422378e+03 
       2.461089659677e-03       8.739861139067e+03 
       2.571593285330e-03       9.070673210205e+03 
       2.683391391204e-03       9.400460326543e+03 
       2.796369301947e-03       9.728768797312e+03 
       2.910422965201e-03       1.005519675953e+04 
       3.025458183933e-03       1.037939113707e+04 
       3.141389818318e-03       1.070104102639e+04 
       3.258140992060e-03       1.101987598392e+04 
       3.375642326539e-03       1.133565944856e+04 
       3.493831217437e-03       1.164818720767e+04 
       3.612651162093e-03       1.195728171516e+04 
       3.732051141295e-03       1.226279300151e+04 
       3.851985056103e-03       1.256459008053e+04 
       3.972411218197e-03       1.286256472801e+04 
       4.093291891005e-03       1.315662368570e+04 
       4.214592878106e-03       1.344669289922e+04 
       4.336283155065e-03       1.373270696661e+04 
       4.458334540772e-03       1.401461991497e+04 
       4.580721404453e-03       1.429239060307e+04 
       4.703420404697e-03       1.456598250877e+04 
       4.826410257108e-03       1.483533867083e+04 
       4.949671527455e-03       1.510054018850e+04 
       5.073186447493e-03       1.536150259781e+04 
       5.196938750908e-03       1.561824598111e+04 
       5.320913527096e-03       1.587080775581e+04 
       5.445097090744e-03       1.611920385922e+04 
       5.569476865404e-03       1.636338561213e+04 
       5.694041279472e-03       1.660265234313e+04 
       5.818779673127e-03       1.683849403500e+04 
       5.943682215021e-03       1.707019317245e+04 
       6.068739827586e-03       1.729772887137e+04 
       6.193944119998e-03       1.752125769784e+04 
       6.319287327941e-03       1.774087787602e+04 
       6.444762259421e-03       1.795665530155e+04 
       6.570362245949e-03       1.816792685453e+04 
       6.696081098522e-03       1.837532829579e+04 
       6.821913067871e-03       1.857874443881e+04 
       6.947852808524e-03       1.877835746885e+04 
       7.073895346275e-03       1.897410712111e+04 
       7.200036048708e-03       1.916598679075e+04 
       7.326270598441e-03       1.935407027476e+04 
       7.452594968835e-03       1.953825066428e+04 
       7.579005401889e-03       1.971889712126e+04 
       7.705498388119e-03       1.989634484768e+04 
       7.832070648221e-03       2.006961433889e+04 
       7.958719116330e-03       2.023925038130e+04 
       8.085440924732e-03       2.040530416830e+04 
       8.212233389883e-03       2.056786806942e+04 
       8.339093999610e-03       2.072690676949e+04 
       8.466020401381e-03       2.088247319854e+04 
       8.593010391548e-03       2.103460924373e+04 
       8.720061905472e-03       2.118335916548e+04 
       8.847173008444e-03       2.132874787102e+04 
       8.974341887335e-03       2.147077468666e+04 
       9.101566842917e-03       2.160954855336e+04 
       9.228846282772e-03       2.174508134019e+04 
       9.356178714768e-03       2.187738682988e+04 
       9.483562741032e-03       2.200653239484e+04 
       9.610997052378e-03       2.213253826798e+04 
       9.738480423170e-03       2.225546448771e+04 
       9.866011706560e-03       2.237524058219e+04 
       9.993589830082e-03       2.249207311448e+04 
       1.012121379158e-02       2.260578325830e+04 
       1.024888265542e-02       2.271657349036e+04 
       1.037659554899e-02       2.282450686177e+04 
       1.050435165945e-02       2.292945753216e+04 
       1.063215023072e-02       2.303147377697e+04 
       1.075999056067e-02       2.313078916821e+04 
       1.088787199852e-02       2.322712745146e+04 
       1.101579394241e-02       2.332081547426e+04 
       1.114375583718e-02       2.341173783933e+04 
       1.127175717225e-02       2.349995216053e+04 
       1.139979747971e-02       2.358546935385e+04 
       1.152787633247e-02       2.366834661900e+04 
       1.165599334260e-02       2.374860307186e+04 
       1.178414815979e-02       2.382628283205e+04 
       1.191234046984e-02       2.390139267441e+04 
       1.204056999334e-02       2.397405822745e+04 
       1.216883648443e-02       2.404402447267e+04 
       1.229713972958e-02       2.411164976542e+04 
       1.242547954653e-02       2.417681028523e+04 
       1.255385578330e-02       2.423958848633e+04 
       1.268226831721e-02       2.429996654563e+04 
       1.281071705404e-02       2.435804395176e+04 
       1.293920192721e-02       2.441372399065e+04 
       1.306772289704e-02       2.446714642112e+04 
       1.319627995005e-02       2.451825036354e+04 
       1.332487309835e-02       2.456715480889e+04 
       1.345350237903e-02       2.461383680849e+04 
       1.358216785361e-02       2.465841676721e+04 
       1.371086960757e-02       2.470068400861e+04 
       1.383960774988e-02       2.474083015795e+04 
       1.396838241262e-02       2.477888584515e+04 
       1.409719375054e-02       2.481490279711e+04 
       1.422604194079e-02       2.484884756115e+04 
       1.435492718256e-02       2.488073155693e+04 
       1.448384969684e-02       2.491060319690e+04 
       1.461280972618e-02       2.493852914086e+04 
       1.474180753446e-02       2.496448447610e+04 
       1.487084340670e-02       2.498853299645e+04 
       1.499991764894e-02       2.501061203196e+04 
       1.512903058808e-02       2.503083562905e+04 
       1.525818257178e-02       2.504919560121e+04 
       1.538737396838e-02       2.506575248905e+04 
       1.551660516685e-02       2.508041858461e+04 
       1.564587657674e-02       2.509339625894e+04 
       1.577518862818e-02       2.510453873841e+04 
       1.590454177189e-02       2.511401798756e+04 
       1.603393647920e-02       2.512171644148e+04 
       1.616337324207e-02       2.512772743800e+04 
       1.629285257324e-02       2.513208316446e+04 
       1.642237500622e-02       2.513473374933e+04 
       1.655194109545e-02       2.513577769328e+04 
       1.668155141643e-02       2.513528300737e+04 
       1.681120656582e-02       2.513313869891e+04 
       1.694090716164e-02       2.512956094716e+04 
       1.707065384342e-02       2.512427137595e+04 
       1.720044727241e-02       2.511751346404e+04 
       1.733028813179e-02       2.510925042025e+04 
       1.746017712687e-02       2.509955937271e+04 
       1.759011498538e-02       2.508839674830e+04 
       1.772010245770e-02       2.507577805952e+04 
       1.785014031713e-02       2.506180466254e+04 
       1.798022936023e-02       2.504556871594e+04 
       1.811037040707e-02       2.502956529521e+04 
       1.824056430160e-02       2.501068509162e+04 
       1.837081191200e-02       2.499122716849e+04 
       1.850111413099e-02       2.497046550723e+04 
       1.863147187625e-02       2.494919471414e+04 
       1.876188609083e-02       2.492577945551e+04 
       1.889235774351e-02       2.490060281878e+04 
       1.902288782927e-02       2.487532198094e+04 
       1.915347736971e-02       2.484765704024e+04 
       1.928412741354e-02       2.481921751062e+04 
       1.941483903705e-02       2.478963823151e+04 
       1.954561334461e-02       2.476027037159e+04 
       1.967645146917e-02       2.472851938911e+04 
       1.980735457286e-02       2.469557939678e+04 
       1.993832384746e-02       2.466112146724e+04 
       2.006936051505e-02       2.462615415498e+04 
       2.020046582857e-02       2.458985253521e+04 
       2.033164107245e-02       2.455368810299e+04 
       2.046288756323e-02       2.451554628099e+04 
       2.059420665027e-02       2.447641760361e+04 
       2.072559971635e-02       2.443522959147e+04 
       2.085706817843e-02       2.439432925248e+04 
       2.098861348839e-02       2.435300391563e+04 
       2.112023713373e-02       2.430925039134e+04 
       2.125194063837e-02       2.426510498681e+04 
       2.138372556344e-02       2.422028919466e+04 
       2.151559350812e-02       2.417455579903e+04 
       2.164754611049e-02       2.412800477270e+04 
       2.177958504837e-02       2.408059869172e+04 
       2.191171204026e-02       2.403231752887e+04 
       2.204392884627e-02       2.398313527182e+04 
       2.217623726907e-02       2.393309526043e+04 
       2.230863915488e-02       2.388246993624e+04 
       2.244113639451e-02       2.383093923666e+04 
       2.257373092438e-02       2.377856434564e+04 
       2.270642472767e-02       2.372562448733e+04 
       2.283921983536e-02       2.367231782092e+04 
       2.297211832747e-02       2.361744286217e+04 
       2.310512233418e-02       2.356294004335e+04 
       2.323823403711e-02       2.350636028693e+04 
       2.337145567058e-02       2.344983360420e+04 
       2.350478952290e-02       2.339256464858e+04 
       2.363823793775e-02       2.333493668584e+04 
       2.377180331554e-02       2.327645982519e+04 
       2.390548811488e-02       2.321725631733e+04 
       2.403929485406e-02       2.315766158342e+04 
       2.417322611255e-02       2.309729977590e+04 
       2.430728453261e-02       2.303720176555e+04 
       2.444147282095e-02       2.297516718301e+04 
       2.457579375034e-02       2.291310563603e+04 
       2.471025016141e-02       2.285135832399e+04 
       2.484484496445e-02       2.278768971098e+04 
       2.497958114121e-02       2.272428807600e+04 
       2.511446174689e-02       2.266000215818e+04 
       2.524948991206e-02       2.259552921630e+04 
       2.538466884476e-02       2.253121846494e+04 
       2.552000183257e-02       2.246528669792e+04 
       2.565549224483e-02       2.239947038924e+04 
       2.579114353489e-02       2.233318145681e+04 
       2.592695924245e-02       2.226650287339e+04 
       2.606294299599e-02       2.219926820227e+04 
       2.619909851527e-02       2.213224464982e+04 
       2.633542961389e-02       2.206381879907e+04 
       2.647194020202e-02       2.199544331648e+04 
       2.660863428916e-02       2.192683801786e+04 
       2.674551598699e-02       2.185778025577e+04 
       2.688258951239e-02       2.178888385350e+04 
       2.701985919047e-02       2.171878309257e+04 
       2.715732945781e-02       2.164914557144e+04 
       2.729500486577e-02       2.157885329380e+04 
       2.743289008388e-02       2.150787333118e+04 
       2.757098990346e-02       2.143710777951e+04 
       2.770930924125e-02       2.136579798242e+04 
       2.784785314330e-02       2.129455353884e+04 
       2.798662678890e-02       2.122266741681e+04 
       2.812563549472e-02       2.115080716583e+04 
       2.826488471910e-02       2.107846563231e+04 
       2.840438006650e-02       2.100604164534e+04 
       2.854412729209e-02       2.093341763120e+04 
       2.868413230661e-02       2.086056722828e+04 
       2.882440118130e-02       2.078746641533e+04 
       2.896494015314e-02       2.071439937567e+04 
       2.910575563021e-02       2.064069381169e+04 
       2.924685419735e-02       2.056710414202e+04 
       2.938824262194e-02       2.049361427102e+04 
       2.952992786005e-02       2.041926247091e+04 
       2.967191706276e-02       2.034558559333e+04 
       2.981421758271e-02       2.027082930615e+04 
       2.995683698106e-02       2.019646617471e+04 
       3.009978303460e-02       2.012185933777e+04 
       3.024306374326e-02       2.004726727649e+04 
       3.038668733790e-02       1.997277797528e+04 
       3.053066228844e-02       1.989748904745e+04 
       3.067499731238e-02       1.982250636889e+04 
       3.081970138366e-02       1.974740797321e+04 
       3.096478374193e-02       1.967217393510e+04 
       3.111025390225e-02       1.959684047421e+04 
       3.125612166522e-02       1.952178097106e+04 
       3.140239712756e-02       1.944634404528e+04 
       3.154909069322e-02       1.937076264485e+04 
       3.169621308497e-02       1.929503054855e+04 
       3.184377535656e-02       1.921940705062e+04 
       3.199178890548e-02       1.914385909656e+04 
       3.214026548626e-02       1.906804151485e+04 
       3.228921722448e-02       1.899225304709e+04 
       3.243865663151e-02       1.891650559686e+04 
       3.258859661984e-02       1.884080258928e+04 
       3.273905051931e-02       1.876490322888e+04 
       3.289003209410e-02       1.868895660421e+04 
       3.304155556063e-02       1.861306546653e+04 
       3.319363560628e-02       1.853734305564e+04 
       3.334628740926e-02       1.846142478082e+04 
       3.349952665933e-02       1.838547460548e+04 
       3.365336957980e-02       1.830937758446e+04 
       3.380783295056e-02       1.823343554224e+04 
       3.396293413251e-02       1.815779739170e+04 
       3.411869109320e-02       1.808187547525e+04 
       3.427512243399e-02       1.800596036805e+04 
       3.443224741866e-02       1.792994039744e+04 
       3.459008600374e-02       1.785433406885e+04 
       3.474865887047e-02       1.777826996377e+04 
       3.490798745872e-02       1.770245138677e+04 
       3.506809400281e-02       1.762685000760e+04 
       3.522900156955e-02       1.755109822616e+04 
       3.539073409852e-02       1.747532157597e+04 
       3.555331644476e-02       1.739960340982e+04 
       3.571677442418e-02       1.732400216314e+04 
       3.588113486177e-02       1.724830204465e+04 
       3.604642564279e-02       1.717273041067e+04 
       3.621267576732e-02       1.709723965867e+04 
       3.637991540825e-02       1.702178738736e+04 
       3.654817597321e-02       1.694620035101e+04 
       3.671749017040e-02       1.687108853028e+04 
       3.688789207907e-02       1.679551811262e+04 
       3.705941722460e-02       1.672005359379e+04 
       3.723210265894e-02       1.664480015529e+04 
       3.740598704652e-02       1.656942364847e+04 
       3.758111075636e-02       1.649414087570e+04 
       3.775751596073e-02       1.641904429845e+04 
       3.793524674106e-02       1.634398740044e+04 
       3.811434920164e-02       1.626862492074e+04 
       3.829487159185e-02       1.619355778561e+04 
       3.847686443767e-02       1.611850767011e+04 
       3.866038068339e-02       1.604338033526e+04 
       3.884547584440e-02       1.596817529214e+04 
       3.903220817207e-02       1.589332134711e+04 
       3.922063883205e-02       1.581820337691e+04 
       3.941083209713e-02       1.574325100881e+04 
       3.960285555615e-02       1.566817542719e+04 
       3.979678034062e-02       1.559315625640e+04 
       3.999268137086e-02       1.551846275744e+04 
       4.019063762358e-02       1.544330223816e+04 
       4.039073242336e-02       1.536839187931e+04 
       4.059305376037e-02       1.529337753991e+04 
       4.079769463737e-02       1.521797974000e+04 
       4.100475344924e-02       1.514314380588e+04 
       4.121433439852e-02       1.506814260686e+04 
       4.142654795143e-02       1.499282076119e+04 
       4.164151133876e-02       1.491752862501e+04 
       4.185934910734e-02       1.484237532780e+04 
       4.208019372788e-02       1.476706741111e+04 
       4.230418626652e-02       1.469148881826e+04 
       4.253147712781e-02       1.461599147861e+04 
       4.276222687857e-02       1.454048399373e+04 
       4.299660716312e-02       1.446457669169e+04 
       4.323480172214e-02       1.438892773242e+04 
       4.347700752942e-02       1.431274868244e+04 
       4.372343606278e-02       1.423660360277e+04 
       4.397431472850e-02       1.416025315454e+04 
       4.422988846156e-02       1.408369957985e+04 
       4.449042152773e-02       1.400693643133e+04 
       4.475619955856e-02       1.393014136826e+04 
       4.502753185521e-02       1.385276752893e+04 
       4.530475400424e-02       1.377522384949e+04 
       4.558823085609e-02       1.369753208228e+04 
       4.587835992696e-02       1.361957630847e+04 
       4.617557529645e-02       1.354097979978e+04 
       4.648035208807e-02       1.346224063478e+04 
       4.679321163715e-02       1.338301259449e+04 
       4.711472747324e-02       1.330318871502e+04 
       4.744553227065e-02       1.322265456075e+04 
       4.778632595524e-02       1.314221241105e+04 
       4.813788519751e-02       1.306090738697e+04 
       4.850107457524e-02       1.297862274545e+04 
       4.887685975580e-02       1.289549719579e+04 
       4.926632313267e-02       1.281180322129e+04 
       4.967068245771e-02       1.272740758057e+04 
       5.009131314714e-02       1.264189190913e+04 
       5.052977511256e-02       1.255534132905e+04 
       5.098784518948e-02       1.246746476245e+04 
       5.146755651762e-02       1.237854843087e+04 
       5.197124658464e-02       1.228828693955e+04 
       5.250161609413e-02       1.219602456917e+04 
       5.306180137625e-02       1.210201433019e+04 
       5.365546373167e-02       1.200582952845e+04 
       5.428689987270e-02       1.190686684788e+04 
       5.496117843291e-02       1.180502323711e+04 
       5.568430817853e-02       1.169975690346e+04 
       5.646344366157e-02       1.159047606048e+04 
       5.730713274341e-02       1.147627795765e+04 
       5.822560596970e-02       1.135618616318e+04 
       5.923109695098e-02       1.122878028839e+04 
       6.033815997203e-02       1.109123012737e+04 
       6.156390694632e-02       1.094282091326e+04 
       6.292800909789e-02       1.077868628105e+04 
       6.445219344787e-02       1.059448235271e+04 
       6.615883530489e-02       1.038500063023e+04 
       6.806821441824e-02       1.014353110924e+04 
       7.019430715425e-02       9.861752498614e+03 
       7.253989711302e-02       9.534274374706e+03 
       7.509308968494e-02       9.157731451913e+03 
       7.782776156539e-02       8.734874124164e+03 
       8.070867001559e-02       8.275402408868e+03 
       8.369884902040e-02       7.795280366041e+03 
       8.676568490657e-02       7.312712612021e+03 
       8.988376894595e-02       6.846615548015e+03 
       9.303496263608e-02       6.412827230512e+03 
       9.620706168223e-02       6.022853887861e+03 
       9.939216652291e-02       5.683431278375e+03 
       1.025852886007e-01       5.396359858031e+03 
       1.057833258674e-01       5.159298575653e+03 
       1.089843675955e-01       4.966679408579e+03 
       1.121872436122e-01       4.810141727353e+03 
       1.153912397107e-01       4.680686277401e+03 
       1.185959208078e-01       4.568211660720e+03 
       1.218010220954e-01       4.463087557423e+03 
       1.250063824266e-01       4.357168836863e+03 
       1.282119036900e-01       4.243730991686e+03 
       1.314175260823e-01       4.118489836996e+03 
       1.346232130786e-01       3.980346363848e+03 
       1.378289423012e-01       3.830044357798e+03 
       1.410346999752e-01       3.670222638999e+03 
       1.442404775620e-01       3.505328862554e+03 
       1.474462697143e-01       3.340222158020e+03 
       1.506520730349e-01       3.180144588345e+03 
       1.538578853215e-01       3.029432433969e+03 
       1.570637051081e-01       2.891525737905e+03 
       1.602695313852e-01       2.768725995768e+03 
       1.634753634295e-01       2.661955454753e+03 
       1.666812006994e-01       2.570999202412e+03 
       1.698870427712e-01       2.494396508859e+03 
       1.730928892994e-01       2.430169721103e+03 
       1.762987399926e-01       2.375600244572e+03 
       1.795045945974e-01       2.327467238888e+03 
       1.827104528889e-01       2.283145619209e+03 
       1.859163146644e-01       2.240092107061e+03 
       1.891221797390e-01       2.195400643857e+03 
       1.923280479423e-01       2.147525683375e+03 
       1.955339191170e-01       2.095197821560e+03 
       1.987397931166e-01       2.038337209982e+03 
       2.019456698047e-01       1.977530896404e+03 
       2.051515490538e-01       1.913904559528e+03 
       2.083574307444e-01       1.849119885266e+03 
       2.115633147646e-01       1.784737758748e+03 
       2.147692010090e-01       1.722332662474e+03 
       2.179750893788e-01       1.663159229269e+03 
       2.211809797808e-01       1.608045195623e+03 
       2.243868721274e-01       1.557867826560e+03 
       2.275927663357e-01       1.512674211402e+03 
       2.307986623276e-01       1.472639823805e+03 
       2.340045600292e-01       1.437280775277e+03 
       2.372104593710e-01       1.406071949889e+03 
       2.404163602866e-01       1.378222866019e+03 
       2.436222627137e-01       1.352609340509e+03 
       2.468281665930e-01       1.328366950500e+03 
       2.500340718681e-01       1.304637041891e+03 
       2.532399784859e-01       1.280621660096e+03 
       2.564458863956e-01       1.255826484646e+03 
       2.596517955490e-01       1.229993260405e+03 
       2.628577059005e-01       1.202962026387e+03 
       2.660636174064e-01       1.174903815882e+03 
       2.692695300252e-01       1.146055388739e+03 
       2.724754437175e-01       1.116837634353e+03 
       2.756813584455e-01       1.087651485879e+03 
       2.788872741734e-01       1.058988812131e+03 
       2.820931908668e-01       1.031427038416e+03 
       2.852991084931e-01       1.005292099726e+03 
       2.885050270209e-01       9.808111190850e+02 
       2.917109464204e-01       9.581763079015e+02 
       2.949168666631e-01       9.373436052321e+02 
       2.981227877214e-01       9.182193996692e+02 
       3.013287095694e-01       9.005425306100e+02 
       3.045346321818e-01       8.840845766137e+02 
       3.077405555348e-01       8.685857818912e+02 
       3.109464796052e-01       8.537706345526e+02 
       3.141524043710e-01       8.392751375739e+02 
       3.173583298110e-01       8.249674726478e+02 
       3.205642559050e-01       8.106417389065e+02 
       3.237701826333e-01       7.960607065116e+02 
       3.269761099772e-01       7.812905105019e+02 
       3.301820379187e-01       7.662374894016e+02 
       3.333879664405e-01       7.510683096311e+02 
       3.365938955258e-01       7.358744251543e+02 
       3.397998251588e-01       7.208425397363e+02 
       3.430057553240e-01       7.060025242062e+02 
       3.462116860065e-01       6.915839233397e+02 
       3.494176171919e-01       6.776628765057e+02 
       3.526235488666e-01       6.643194747650e+02 
       3.558294810173e-01       6.516084257340e+02 
       3.590354136310e-01       6.395426154922e+02 
       3.622413466956e-01       6.281305080947e+02 
       3.654472801990e-01       6.173227847466e+02 
       3.686532141299e-01       6.070653593994e+02 
       3.718591484769e-01       5.972198342179e+02 
       3.750650832296e-01       5.877258256249e+02 
       3.782710183774e-01       5.784187909558e+02 
       3.814769539104e-01       5.693108925558e+02 
       3.846828898190e-01       5.602614135091e+02 
       3.878888260937e-01       5.513010143923e+02 
       3.910947627255e-01       5.423771835598e+02 
       3.943006997057e-01       5.334824495806e+02 
       3.975066370259e-01       5.246379943094e+02 
       4.007125746778e-01       5.158315760291e+02 
       4.039185126534e-01       5.071218835480e+02 
       4.071244509452e-01       4.985407838771e+02 
       4.103303895457e-01       4.901353345791e+02 
       4.135363284476e-01       4.819626809227e+02 
       4.167422676441e-01       4.740011922162e+02 
       4.199482071282e-01       4.662871327057e+02 
       4.231541468936e-01       4.588374632656e+02 
       4.263600869337e-01       4.516368564638e+02 
       4.295660272424e-01       4.446748865365e+02 
       4.327719678137e-01       4.379461887336e+02 
       4.359779086419e-01       4.314258393890e+02 
       4.391838497212e-01       4.250964576093e+02 
       4.423897910462e-01       4.189319360124e+02 
       4.455957326115e-01       4.128909155618e+02 
       4.488016744121e-01       4.069790986064e+02 
       4.520076164428e-01       4.011534888048e+02 
       4.552135586988e-01       3.953983053838e+02 
       4.584195011754e-01       3.897061063169e+02 
       4.616254438679e-01       3.840771045059e+02 
       4.648313867718e-01       3.785134059388e+02 
       4.680373298828e-01       3.730270032678e+02 
       4.712432731967e-01       3.676157517249e+02 
       4.744492167094e-01       3.622880186121e+02 
       4.776551604167e-01       3.570683546045e+02 
       4.808611043148e-01       3.519327282322e+02 
       4.840670483999e-01       3.469134815786e+02 
       4.872729926684e-01       3.420159794306e+02 
       4.904789371165e-01       3.372470048447e+02 
       4.936848817408e-01       3.326095075945e+02 
       4.968908265378e-01       3.280940186559e+02 
       5.000967715043e-01       3.236908123949e+02 
       5.033027166370e-01       3.193870278578e+02 
       5.065086619327e-01       3.151744072620e+02 
       5.097146073883e-01       3.110435800470e+02 
       5.129205530008e-01       3.069792903811e+02 
       5.161264987673e-01       3.029965969656e+02 
       5.193324446849e-01       2.990779228216e+02 
       5.225383907508e-01       2.952295101359e+02 
       5.257443369624e-01       2.914161303884e+02 
       5.289502833169e-01       2.876530996730e+02 
       5.321562298118e-01       2.839395502267e+02 
       5.353621764446e-01       2.802818587664e+02 
       5.385681232127e-01       2.766798900586e+02 
       5.417740701137e-01       2.731311650567e+02 
       5.449800171454e-01       2.696702337203e+02 
       5.481859643053e-01       2.662653215303e+02 
       5.513919115913e-01       2.629260519423e+02 
       5.545978590012e-01       2.596473712676e+02 
       5.578038065329e-01       2.564302446320e+02 
       5.610097541841e-01       2.532766399775e+02 
       5.642157019529e-01       2.501859141065e+02 
       5.674216498374e-01       2.471550232091e+02 
       5.706275978354e-01       2.441841834067e+02 
       5.738335459452e-01       2.412671867459e+02 
       5.770394941649e-01       2.383993237704e+02 
       5.802454424926e-01       2.355765350322e+02 
       5.834513909265e-01       2.327964212434e+02 
       5.866573394649e-01       2.300584823734e+02 
       5.898632881062e-01       2.273631048616e+02 
       5.930692368485e-01       2.247099436239e+02 
       5.962751856903e-01       2.220976572892e+02 
       5.994811346301e-01       2.195243549660e+02 
       6.026870836661e-01       2.169878801606e+02 
       6.058930327969e-01       2.144871971830e+02 
       6.090989820210e-01       2.120231092024e+02 
       6.123049313370e-01       2.095972472273e+02 
       6.155108807433e-01       2.072117673930e+02 
       6.187168302385e-01       2.048677373151e+02 
       6.219227798214e-01       2.025646812401e+02 
       6.251287294905e-01       2.003006070514e+02 
       6.283346792445e-01       1.980731892326e+02 
       6.315406290821e-01       1.958808171097e+02 
       6.347465790021e-01       1.937222464851e+02 
       6.379525290032e-01       1.915985567968e+02 
       6.411584790842e-01       1.895092913436e+02 
       6.443644292438e-01       1.874542158158e+02 
       6.475703794810e-01       1.854313678850e+02 
       6.507763297945e-01       1.834386042755e+02 
       6.539822801833e-01       1.814737307034e+02 
       6.571882306463e-01       1.795351370961e+02 
       6.603941811822e-01       1.776228551579e+02 
       6.636001317902e-01       1.757376517209e+02 
       6.668060824692e-01       1.738802866547e+02 
       6.700120332180e-01       1.720510141544e+02 
       6.732179840358e-01       1.702498246435e+02 
       6.764239349216e-01       1.684742509730e+02 
       6.796298858743e-01       1.667232289749e+02 
       6.828358368931e-01       1.649961748619e+02 
       6.860417879770e-01       1.632933548321e+02 
       6.892477391251e-01       1.616154530656e+02 
       6.924536903365e-01       1.599633111978e+02 
       6.956596416103e-01       1.583366879484e+02 
       6.988655929457e-01       1.567348697621e+02 
       7.020715443418e-01       1.551563409040e+02 
       7.052774957978e-01       1.535994354944e+02 
       7.084834473129e-01       1.520631616424e+02 
       7.116893988863e-01       1.505475421375e+02 
       7.148953505171e-01       1.490529424309e+02 
       7.181013022047e-01       1.475798445404e+02 
       7.213072539483e-01       1.461280425477e+02 
       7.245132057470e-01       1.446966109631e+02 
       7.277191576003e-01       1.432843346205e+02 
       7.309251095073e-01       1.418899885539e+02 
       7.341310614674e-01       1.405132192129e+02 
       7.373370134799e-01       1.391537350394e+02 
       7.405429655440e-01       1.378130988740e+02 
       7.437489176592e-01       1.364907844939e+02 
       7.469548698247e-01       1.351872725586e+02 
       7.501608220399e-01       1.339019721711e+02 
       7.533667743042e-01       1.326336777455e+02 
       8.234874546132e-01       1.086168721799e+02 
       9.251239617262e-01       8.340952938341e+01 
       1.086877467278e+00       5.758170091749e+01 
