# Matter power spectrum P(k) at redshift z=0
# for k=1.05305e-05 to 1.16662 h/Mpc,
# number of wavenumbers equal to 569
#    1:k (h/Mpc)              2:P (Mpc/h)^3        
       1.053048017454e-05       4.621289737372e+01 
       2.337982137106e-05       9.985999146944e+01 
       3.627441084855e-05       1.526391766826e+02 
       4.924877295530e-05       2.050881620134e+02 
       6.233800277254e-05       2.575177656609e+02 
       7.557807751951e-05       3.101635268558e+02 
       8.900617790209e-05       3.632284297491e+02 
       1.026610236582e-04       4.169006628521e+02 
       1.165832275863e-04       4.713625588250e+02 
       1.308156723768e-04       5.267961381239e+02 
       1.454039145715e-04       5.833870275608e+02 
       1.603966199217e-04       6.413274688537e+02 
       1.758460342385e-04       7.008189433168e+02 
       1.918084934739e-04       7.620745752364e+02 
       2.083449761270e-04       8.253214483431e+02 
       2.255217000244e-04       8.908028203606e+02 
       2.434107639037e-04       9.587805898198e+02 
       2.620908318199e-04       1.029537524230e+03 
       2.816478549445e-04       1.103379546673e+03 
       3.021758204940e-04       1.180638185044e+03 
       3.237775109631e-04       1.261672647844e+03 
       3.465652481331e-04       1.346871906932e+03 
       3.706615851216e-04       1.436656281309e+03 
       3.961998957690e-04       1.531478550357e+03 
       4.233247939412e-04       1.631824192977e+03 
       4.521922963430e-04       1.738210464107e+03 
       4.829696224850e-04       1.851184118298e+03 
       5.158345069439e-04       1.971316737656e+03 
       5.509738859556e-04       2.099198252455e+03 
       5.885818183176e-04       2.235427082423e+03 
       6.288565167257e-04       2.380596910598e+03 
       6.719964077918e-04       2.535281283155e+03 
       7.181952135412e-04       2.700013400516e+03 
       7.676361562528e-04       2.875263984648e+03 
       8.204855261698e-04       3.061418759526e+03 
       8.768860008425e-04       3.258753551935e+03 
       9.369502371680e-04       3.467413900704e+03 
       1.000755336763e-03       3.687398021378e+03 
       1.068338778686e-03       3.918545577373e+03 
       1.139696302347e-03       4.160535672518e+03 
       1.214782015315e-03       4.412892994321e+03 
       1.293510731912e-03       4.675002535311e+03 
       1.375762275307e-03       4.946111913072e+03 
       1.461387256807e-03       5.225394523305e+03 
       1.550213722928e-03       5.511980597400e+03 
       1.642054046789e-03       5.804947552427e+03 
       1.736711519900e-03       6.103364805534e+03 
       1.833986239517e-03       6.406314908365e+03 
       1.933680046458e-03       6.712912344312e+03 
       2.035600416529e-03       7.022316878122e+03 
       2.139563325688e-03       7.333741926579e+03 
       2.245395187773e-03       7.646461589887e+03 
       2.352934006269e-03       7.959811808785e+03 
       2.462029895750e-03       8.273190883750e+03 
       2.572545123102e-03       8.586058300689e+03 
       2.684353801798e-03       8.897929662123e+03 
       2.797341350507e-03       9.208375881650e+03 
       2.911403804574e-03       9.517015661405e+03 
       3.026447047914e-03       9.823514968120e+03 
       3.142386014788e-03       1.012757931948e+04 
       3.259143896289e-03       1.042895261631e+04 
       3.376651374794e-03       1.072741083935e+04 
       3.494845901004e-03       1.102276064075e+04 
       3.613671021747e-03       1.131483414410e+04 
       3.733075762249e-03       1.160348878010e+04 
       3.853014063418e-03       1.188860101567e+04 
       3.973444272643e-03       1.217006887692e+04 
       4.094328685343e-03       1.244780376746e+04 
       4.215633133759e-03       1.272173587475e+04 
       4.337326619137e-03       1.299180429479e+04 
       4.459380983398e-03       1.325796397929e+04 
       4.581770616431e-03       1.352017709131e+04 
       4.704472195387e-03       1.377841523237e+04 
       4.827464452550e-03       1.403265102782e+04 
       4.950727968705e-03       1.428288633093e+04 
       5.074244989134e-03       1.452911458996e+04 
       5.197999259727e-03       1.477133559268e+04 
       5.321975880903e-03       1.500950058299e+04 
       5.446161177316e-03       1.524370515272e+04 
       5.570542581549e-03       1.547391533712e+04 
       5.695108530180e-03       1.570015190219e+04 
       5.819848370825e-03       1.592243617495e+04 
       5.944752278894e-03       1.614078908526e+04 
       6.069811182972e-03       1.635522144206e+04 
       6.195016697845e-03       1.656577207396e+04 
       6.320361064320e-03       1.677245261642e+04 
       6.445837095083e-03       1.697530876882e+04 
       6.571438125933e-03       1.717435887462e+04 
       6.697157971793e-03       1.736963655086e+04 
       6.822990886999e-03       1.756118033031e+04 
       6.948931529391e-03       1.774901908594e+04 
       7.074974927810e-03       1.793318212397e+04 
       7.201116452647e-03       1.811370651914e+04 
       7.327351789110e-03       1.829063847060e+04 
       7.453676912949e-03       1.846398887624e+04 
       7.580088068373e-03       1.863380735678e+04 
       7.706581747947e-03       1.880013039127e+04 
       7.833154674262e-03       1.896298882244e+04 
       7.959803783211e-03       1.912241561013e+04 
       8.086526208715e-03       1.927844968896e+04 
       8.213319268751e-03       1.943112877956e+04 
       8.340180452560e-03       1.958049233505e+04 
       8.467107408929e-03       1.972656555859e+04 
       8.594097935442e-03       1.986939344727e+04 
       8.721149968609e-03       2.000900863405e+04 
       8.848261574795e-03       2.014544617561e+04 
       8.975430941880e-03       2.027874046928e+04 
       9.102656371579e-03       2.040892242585e+04 
       9.229936272359e-03       2.053603065759e+04 
       9.357269152921e-03       2.066010978428e+04 
       9.484653616172e-03       2.078117954712e+04 
       9.612088353666e-03       2.089928071069e+04 
       9.739572140459e-03       2.101444225345e+04 
       9.867103830358e-03       2.112669422227e+04 
       9.994682351517e-03       2.123608650189e+04 
       1.012230670236e-02       2.134263783382e+04 
       1.024997594782e-02       2.144638092061e+04 
       1.037768921579e-02       2.154735504288e+04 
       1.050544569395e-02       2.164558645725e+04 
       1.063324462669e-02       2.174111254551e+04 
       1.076108531231e-02       2.183395958024e+04 
       1.088896710047e-02       2.192416195949e+04 
       1.101688938973e-02       2.201175326765e+04 
       1.114485162531e-02       2.209675613683e+04 
       1.127285329701e-02       2.217920497991e+04 
       1.140089393727e-02       2.225913377637e+04 
       1.152897311935e-02       2.233656744203e+04 
       1.165709045564e-02       2.241153691687e+04 
       1.178524559614e-02       2.248406316616e+04 
       1.191343822697e-02       2.255419005696e+04 
       1.204166806901e-02       2.262192854136e+04 
       1.216993487667e-02       2.268732257214e+04 
       1.229823843669e-02       2.275038731662e+04 
       1.242657856710e-02       2.281118321305e+04 
       1.255495511615e-02       2.286969010265e+04 
       1.268336796141e-02       2.292597084025e+04 
       1.281181700890e-02       2.298003444265e+04 
       1.294030219228e-02       2.303191505747e+04 
       1.306882347209e-02       2.308164273583e+04 
       1.319738083509e-02       2.312923223735e+04 
       1.332597429358e-02       2.317471340586e+04 
       1.345460388488e-02       2.321811606576e+04 
       1.358326967070e-02       2.325946915061e+04 
       1.371197173675e-02       2.329877965118e+04 
       1.384071019218e-02       2.333609486350e+04 
       1.396948516926e-02       2.337141991245e+04 
       1.409829682295e-02       2.340480007910e+04 
       1.422714533058e-02       2.343624739535e+04 
       1.435603089153e-02       2.346578163370e+04 
       1.448495372698e-02       2.349343970143e+04 
       1.461391407965e-02       2.351922914663e+04 
       1.474291221361e-02       2.354319653124e+04 
       1.487194841407e-02       2.356534173910e+04 
       1.500102298724e-02       2.358569403047e+04 
       1.513013626020e-02       2.360428581763e+04 
       1.525928858078e-02       2.362113182471e+04 
       1.538848031750e-02       2.363626772149e+04 
       1.551771185951e-02       2.364969695378e+04 
       1.564698361654e-02       2.366145074196e+04 
       1.577629601890e-02       2.367154531696e+04 
       1.590564951746e-02       2.368001476227e+04 
       1.603504458375e-02       2.368686567267e+04 
       1.616448170991e-02       2.369212878580e+04 
       1.629396140884e-02       2.369583293525e+04 
       1.642348421424e-02       2.369798478894e+04 
       1.655305068074e-02       2.369861305529e+04 
       1.668266138399e-02       2.369773626910e+04 
       1.681231692086e-02       2.369537257280e+04 
       1.694201790954e-02       2.369153964593e+04 
       1.707176498976e-02       2.368627061208e+04 
       1.720155882294e-02       2.367957928456e+04 
       1.733140009244e-02       2.367146923065e+04 
       1.746128950379e-02       2.366199915124e+04 
       1.759122778490e-02       2.365115888078e+04 
       1.772121568633e-02       2.363896725840e+04 
       1.785125398161e-02       2.362545823531e+04 
       1.798134346746e-02       2.361063158985e+04 
       1.811148496419e-02       2.359453225742e+04 
       1.824167931594e-02       2.357717056969e+04 
       1.837192739108e-02       2.355854564572e+04 
       1.850223008257e-02       2.353869484353e+04 
       1.863258830831e-02       2.351766050437e+04 
       1.876300301154e-02       2.349540087458e+04 
       1.889347516128e-02       2.347195083324e+04 
       1.902400575273e-02       2.344736149616e+04 
       1.915459580773e-02       2.342165172605e+04 
       1.928524637522e-02       2.339483118129e+04 
       1.941595853172e-02       2.336685991201e+04 
       1.954673338184e-02       2.333784600316e+04 
       1.967757205880e-02       2.330775403159e+04 
       1.980847572495e-02       2.327658755358e+04 
       1.993944557235e-02       2.324444587292e+04 
       2.007048282334e-02       2.321124077548e+04 
       2.020158873112e-02       2.317704821198e+04 
       2.033276458039e-02       2.314187355415e+04 
       2.046401168799e-02       2.310573480619e+04 
       2.059533140353e-02       2.306865994591e+04 
       2.072672511010e-02       2.303064748030e+04 
       2.085819422496e-02       2.299170138030e+04 
       2.098974020027e-02       2.295184637176e+04 
       2.112136452385e-02       2.291115286571e+04 
       2.125306871994e-02       2.286958059639e+04 
       2.138485435000e-02       2.282712235203e+04 
       2.151672301352e-02       2.278385536046e+04 
       2.164867634893e-02       2.273976366932e+04 
       2.178071603438e-02       2.269486911062e+04 
       2.191284378874e-02       2.264915554009e+04 
       2.204506137247e-02       2.260270808027e+04 
       2.217737058861e-02       2.255547476713e+04 
       2.230977328376e-02       2.250749767079e+04 
       2.244227134910e-02       2.245881392688e+04 
       2.257486672148e-02       2.240940460508e+04 
       2.270756138445e-02       2.235925287076e+04 
       2.284035736943e-02       2.230847466775e+04 
       2.297325675684e-02       2.225699146091e+04 
       2.310626167731e-02       2.220484893205e+04 
       2.323937431292e-02       2.215208181299e+04 
       2.337259689842e-02       2.209866174651e+04 
       2.350593172260e-02       2.204460961678e+04 
       2.363938112962e-02       2.198999048498e+04 
       2.377294752038e-02       2.193474322962e+04 
       2.390663335400e-02       2.187895500674e+04 
       2.404044114927e-02       2.182258103612e+04 
       2.417437348621e-02       2.176564879029e+04 
       2.430843300763e-02       2.170819595636e+04 
       2.444262242077e-02       2.165021282622e+04 
       2.457694449899e-02       2.159169176123e+04 
       2.471140208352e-02       2.153268360590e+04 
       2.484599808524e-02       2.147323926948e+04 
       2.498073548652e-02       2.141322639499e+04 
       2.511561734320e-02       2.135285683670e+04 
       2.525064678651e-02       2.129198530694e+04 
       2.538582702515e-02       2.123066089896e+04 
       2.552116134740e-02       2.116886370947e+04 
       2.565665312331e-02       2.110672279498e+04 
       2.579230580695e-02       2.104414373515e+04 
       2.592812293879e-02       2.098118650590e+04 
       2.606410814805e-02       2.091780976458e+04 
       2.620026515530e-02       2.085407187318e+04 
       2.633659777496e-02       2.079001310727e+04 
       2.647310991804e-02       2.072558718323e+04 
       2.660980559488e-02       2.066078442584e+04 
       2.674668891807e-02       2.059567707692e+04 
       2.688376410539e-02       2.053025815360e+04 
       2.702103548291e-02       2.046448563022e+04 
       2.715850748816e-02       2.039850608050e+04 
       2.729618467350e-02       2.033209070943e+04 
       2.743407170949e-02       2.026549337850e+04 
       2.757217338851e-02       2.019867928502e+04 
       2.771049462839e-02       2.013145454423e+04 
       2.784904047630e-02       2.006401857953e+04 
       2.798781611269e-02       1.999643220641e+04 
       2.812682685542e-02       1.992851588793e+04 
       2.826607816408e-02       1.986038802177e+04 
       2.840557564437e-02       1.979211322481e+04 
       2.854532505280e-02       1.972353664521e+04 
       2.868533230145e-02       1.965482924893e+04 
       2.882560346296e-02       1.958589762467e+04 
       2.896614477575e-02       1.951680127145e+04 
       2.910696264940e-02       1.944748013851e+04 
       2.924806367026e-02       1.937806351781e+04 
       2.938945460732e-02       1.930843701767e+04 
       2.953114241830e-02       1.923866032751e+04 
       2.967313425594e-02       1.916876195771e+04 
       2.981543747468e-02       1.909869713230e+04 
       2.995805963748e-02       1.902855310558e+04 
       3.010100852300e-02       1.895824168666e+04 
       3.024429213312e-02       1.888777462560e+04 
       3.038791870071e-02       1.881729264748e+04 
       3.053189669777e-02       1.874660915011e+04 
       3.067623484396e-02       1.867588350937e+04 
       3.082094211546e-02       1.860511618057e+04 
       3.096602775423e-02       1.853416065204e+04 
       3.111150127774e-02       1.846318720459e+04 
       3.125737248906e-02       1.839209006471e+04 
       3.140365148751e-02       1.832102842279e+04 
       3.155034867972e-02       1.824980403303e+04 
       3.169747479123e-02       1.817856128862e+04 
       3.184504087869e-02       1.810720043471e+04 
       3.199305834258e-02       1.803589857503e+04 
       3.214153894054e-02       1.796455327771e+04 
       3.229049480142e-02       1.789312175713e+04 
       3.243993843993e-02       1.782163982478e+04 
       3.258988277206e-02       1.775023872652e+04 
       3.274034113131e-02       1.767867327491e+04 
       3.289132728567e-02       1.760714467593e+04 
       3.304285545547e-02       1.753560974649e+04 
       3.319494033224e-02       1.746409188208e+04 
       3.334759709846e-02       1.739252011458e+04 
       3.350084144838e-02       1.732098077851e+04 
       3.365468960996e-02       1.724943173887e+04 
       3.380915836797e-02       1.717786298758e+04 
       3.396426508839e-02       1.710627963870e+04 
       3.412002774408e-02       1.703480616752e+04 
       3.427646494194e-02       1.696330172150e+04 
       3.443359595157e-02       1.689177704783e+04 
       3.459144073554e-02       1.682025689115e+04 
       3.475001998146e-02       1.674876629137e+04 
       3.490935513583e-02       1.667735968743e+04 
       3.506946843994e-02       1.660593318604e+04 
       3.523038296791e-02       1.653456592681e+04 
       3.539212266695e-02       1.646320219595e+04 
       3.555471240014e-02       1.639185678921e+04 
       3.571817799184e-02       1.632052956945e+04 
       3.588254627586e-02       1.624930925731e+04 
       3.604784514680e-02       1.617800452056e+04 
       3.621410361450e-02       1.610679478527e+04 
       3.638135186218e-02       1.603565157593e+04 
       3.654962130830e-02       1.596454544057e+04 
       3.671894467251e-02       1.589342040166e+04 
       3.688935604610e-02       1.582236916121e+04 
       3.706089096718e-02       1.575132691892e+04 
       3.723358650113e-02       1.568034598981e+04 
       3.740748132657e-02       1.560940595660e+04 
       3.758261582753e-02       1.553842486922e+04 
       3.775903219218e-02       1.546757116299e+04 
       3.793677451876e-02       1.539671800370e+04 
       3.811588892939e-02       1.532591844409e+04 
       3.829642369238e-02       1.525509641669e+04 
       3.847842935379e-02       1.518432020667e+04 
       3.866195887927e-02       1.511358034721e+04 
       3.884706780690e-02       1.504283413308e+04 
       3.903381441224e-02       1.497213932656e+04 
       3.922225988669e-02       1.490143892153e+04 
       3.941246853053e-02       1.483077925212e+04 
       3.960450796192e-02       1.476007302136e+04 
       3.979844934376e-02       1.468940679363e+04 
       3.999436762991e-02       1.461874126469e+04 
       4.019234183306e-02       1.454810707134e+04 
       4.039245531632e-02       1.447737817022e+04 
       4.059479611126e-02       1.440667503220e+04 
       4.079945726517e-02       1.433598125613e+04 
       4.100653722080e-02       1.426521494636e+04 
       4.121614023235e-02       1.419443914733e+04 
       4.142837682174e-02       1.412359520925e+04 
       4.164336427999e-02       1.405277813263e+04 
       4.186122721910e-02       1.398181431542e+04 
       4.208209818044e-02       1.391082422359e+04 
       4.230611830682e-02       1.383972831963e+04 
       4.253343808618e-02       1.376860441483e+04 
       4.276421817615e-02       1.369733467875e+04 
       4.299863032015e-02       1.362595958763e+04 
       4.323685836714e-02       1.355447241654e+04 
       4.347909940949e-02       1.348280513619e+04 
       4.372556505510e-02       1.341107598551e+04 
       4.397648285328e-02       1.333915061036e+04 
       4.423209789654e-02       1.326703830181e+04 
       4.449267462459e-02       1.319472152612e+04 
       4.475849886142e-02       1.312221408698e+04 
       4.502988012167e-02       1.304945600237e+04 
       4.530715422924e-02       1.297643945908e+04 
       4.559068629913e-02       1.290313991524e+04 
       4.588087414328e-02       1.282947057274e+04 
       4.617815217279e-02       1.275555225494e+04 
       4.648299588376e-02       1.268124458720e+04 
       4.679592703178e-02       1.260652816649e+04 
       4.711751962173e-02       1.253133530209e+04 
       4.744840686749e-02       1.245575816726e+04 
       4.778928930952e-02       1.237958908867e+04 
       4.814094432093e-02       1.230287255794e+04 
       4.850423728587e-02       1.222551738280e+04 
       4.888013480085e-02       1.214749378844e+04 
       4.926972033439e-02       1.206869069993e+04 
       4.967421288773e-02       1.198907800318e+04 
       5.009498933562e-02       1.190854100920e+04 
       5.053361130033e-02       1.182703684986e+04 
       5.099185763353e-02       1.174434680755e+04 
       5.147176386295e-02       1.166046146820e+04 
       5.197567031882e-02       1.157512605801e+04 
       5.250628110546e-02       1.148821796612e+04 
       5.306673664143e-02       1.139952931324e+04 
       5.366070316527e-02       1.130875495841e+04 
       5.429248337758e-02       1.121561491010e+04 
       5.496715319746e-02       1.111971338289e+04 
       5.569073027060e-02       1.102054841027e+04 
       5.647037996555e-02       1.091754204139e+04 
       5.731466326541e-02       1.080989808876e+04 
       5.823382647623e-02       1.069658558953e+04 
       5.924012177204e-02       1.057620980491e+04 
       6.034812452728e-02       1.044706720310e+04 
       6.157496905067e-02       1.030668590628e+04 
       6.294034727673e-02       1.015186202936e+04 
       6.446599936976e-02       9.978360175368e+03 
       6.617429650261e-02       9.780778472936e+03 
       6.808548420241e-02       9.552646170117e+03 
       7.021346359843e-02       9.287025333390e+03 
       7.256090345415e-02       8.978002767551e+03 
       7.511577843302e-02       8.622857445712e+03 
       7.785185971011e-02       8.224275050560e+03 
       8.073385786409e-02       7.791405332561e+03 
       8.372482237196e-02       7.338922847703e+03 
       8.679219394189e-02       6.884451807507e+03 
       8.991062883045e-02       6.445543871696e+03 
       9.306204604452e-02       6.037188571627e+03 
       9.623428494875e-02       5.670262546880e+03 
       9.941947631073e-02       5.350968315803e+03 
       1.026126515487e-01       5.080981473485e+03 
       1.058107213533e-01       4.858055728909e+03 
       1.090117829624e-01       4.676853546614e+03 
       1.122146711256e-01       4.529806585514e+03 
       1.154186746556e-01       4.408041715414e+03 
       1.186233603138e-01       4.302189923428e+03 
       1.218284644156e-01       4.203238922456e+03 
       1.250338264981e-01       4.103318907075e+03 
       1.282393488650e-01       3.996329470234e+03 
       1.314449719658e-01       3.878421050168e+03 
       1.346506594288e-01       3.748131473575e+03 
       1.378563889698e-01       3.606316436228e+03 
       1.410621468707e-01       3.455715884120e+03 
       1.442679246271e-01       3.300377778388e+03 
       1.474737169130e-01       3.145002141623e+03 
       1.506795203441e-01       2.994293339064e+03 
       1.538853327261e-01       2.852420811969e+03 
       1.570911525978e-01       2.722646640812e+03 
       1.602969789528e-01       2.607077557003e+03 
       1.635028110697e-01       2.506615463682e+03 
       1.667086484081e-01       2.421016766675e+03 
       1.699144905452e-01       2.349020315817e+03 
       1.731203371360e-01       2.288605520049e+03 
       1.763261878895e-01       2.237198581512e+03 
       1.795320425525e-01       2.191968088156e+03 
       1.827379009004e-01       2.150221932281e+03 
       1.859437627307e-01       2.109654469743e+03 
       1.891496278584e-01       2.067585649369e+03 
       1.923554961136e-01       2.022350019846e+03 
       1.955613673388e-01       1.973014875648e+03 
       1.987672413878e-01       1.919422040561e+03 
       2.019731181241e-01       1.862129821605e+03 
       2.051789974204e-01       1.802269054433e+03 
       2.083848791571e-01       1.741248144446e+03 
       2.115907632225e-01       1.680635435980e+03 
       2.147966495113e-01       1.621848883939e+03 
       2.180025379246e-01       1.566101240866e+03 
       2.212084283694e-01       1.514281455392e+03 
       2.244143207580e-01       1.466997299312e+03 
       2.276202150076e-01       1.424518868663e+03 
       2.308261110402e-01       1.386817955767e+03 
       2.340320087820e-01       1.353575014525e+03 
       2.372379081632e-01       1.324210449154e+03 
       2.404438091178e-01       1.297937719524e+03 
       2.436497115833e-01       1.273862714255e+03 
       2.468556155005e-01       1.251062387501e+03 
       2.500615208132e-01       1.228694940132e+03 
       2.532674274679e-01       1.206078688838e+03 
       2.564733354142e-01       1.182725938603e+03 
       2.596792446039e-01       1.158363976170e+03 
       2.628851549912e-01       1.132913970003e+03 
       2.660910665325e-01       1.106475397462e+03 
       2.692969791864e-01       1.079293918575e+03 
       2.725028929134e-01       1.051733845978e+03 
       2.757088076759e-01       1.024237928841e+03 
       2.789147234380e-01       9.972786102183e+02 
       2.821206401653e-01       9.713034366524e+02 
       2.853265578252e-01       9.466818229213e+02 
       2.885324763863e-01       9.236646372232e+02 
       2.917383958189e-01       9.023635586959e+02 
       2.949443160944e-01       8.827627675393e+02 
       2.981502371854e-01       8.647425259528e+02 
       3.013561590657e-01       8.481074391492e+02 
       3.045620817104e-01       8.326221971985e+02 
       3.077680050953e-01       8.180257888302e+02 
       3.109739291975e-01       8.040486162097e+02 
       3.141798539950e-01       7.904392338188e+02 
       3.173857794664e-01       7.769637867315e+02 
       3.205917055916e-01       7.634348510042e+02 
       3.237976323510e-01       7.497263754516e+02 
       3.270035597259e-01       7.357852459679e+02 
       3.302094876981e-01       7.216327426376e+02 
       3.334154162506e-01       7.073426303781e+02 
       3.366213453665e-01       6.930368632075e+02 
       3.398272750298e-01       6.788453940270e+02 
       3.430332052252e-01       6.649012646671e+02 
       3.462391359378e-01       6.513190129248e+02 
       3.494450671533e-01       6.382007779083e+02 
       3.526509988578e-01       6.256257486359e+02 
       3.558569310383e-01       6.136485561222e+02 
       3.590628636817e-01       6.022973560973e+02 
       3.622687967758e-01       5.915621417529e+02 
       3.654747303087e-01       5.813971796343e+02 
       3.686806642689e-01       5.717290851558e+02 
       3.718865986452e-01       5.624653868815e+02 
       3.750925334270e-01       5.535074341592e+02 
       3.782984686040e-01       5.447656796351e+02 
       3.815044041660e-01       5.361696687326e+02 
       3.847103401034e-01       5.276663745868e+02 
       3.879162764070e-01       5.192219915318e+02 
       3.911222130676e-01       5.108167434876e+02 
       3.943281500765e-01       5.024421706949e+02 
       3.975340874253e-01       4.941029833296e+02 
       4.007400251057e-01       4.858170209651e+02 
       4.039459631099e-01       4.776138541712e+02 
       4.071519014301e-01       4.695324027544e+02 
       4.103578400589e-01       4.616144111730e+02 
       4.135637789892e-01       4.538957882271e+02 
       4.167697182139e-01       4.464032399251e+02 
       4.199756577262e-01       4.391478929011e+02 
       4.231815975196e-01       4.321330459846e+02 
       4.263875375878e-01       4.253524380558e+02 
       4.295934779246e-01       4.187966970389e+02 
       4.327994185239e-01       4.124541183944e+02 
       4.360053593799e-01       4.063111548602e+02 
       4.392113004871e-01       4.003497064537e+02 
       4.424172418400e-01       3.945463428343e+02 
       4.456231834331e-01       3.888739913112e+02 
       4.488291252614e-01       3.833060834241e+02 
       4.520350673198e-01       3.778192242142e+02 
       4.552410096035e-01       3.723987739516e+02 
       4.584469521077e-01       3.670376226469e+02 
       4.616528948277e-01       3.617360453663e+02 
       4.648588377592e-01       3.564979175003e+02 
       4.680647808978e-01       3.513279933627e+02 
       4.712707242391e-01       3.462314293401e+02 
       4.744766677792e-01       3.412137689287e+02 
       4.776826115139e-01       3.362823191244e+02 
       4.808885554394e-01       3.314465426970e+02 
       4.840944995519e-01       3.267178356576e+02 
       4.873004438476e-01       3.221058912544e+02 
       4.905063883230e-01       3.176161170146e+02 
       4.937123329745e-01       3.132480455027e+02 
       4.969182777988e-01       3.089958913811e+02 
       5.001242227925e-01       3.048493170189e+02 
       5.033301679523e-01       3.007977698790e+02 
       5.065361132751e-01       2.968315565890e+02 
       5.097420587578e-01       2.929429264963e+02 
       5.129480043974e-01       2.891261438825e+02 
       5.161539501909e-01       2.853752205650e+02 
       5.193598961356e-01       2.816845591223e+02 
       5.225658422285e-01       2.780467670627e+02 
       5.257717884671e-01       2.744570436364e+02 
       5.289777348486e-01       2.709129219447e+02 
       5.321836813704e-01       2.674156702872e+02 
       5.353896280301e-01       2.639691185170e+02 
       5.385955748251e-01       2.605782850160e+02 
       5.418015217530e-01       2.572470908660e+02 
       5.450074688115e-01       2.539781403740e+02 
       5.482134159983e-01       2.507714789018e+02 
       5.514193633111e-01       2.476251626389e+02 
       5.546253107478e-01       2.445375471443e+02 
       5.578312583062e-01       2.415083546267e+02 
       5.610372059842e-01       2.385384525409e+02 
       5.642431537798e-01       2.356271419293e+02 
       5.674491016910e-01       2.327741960153e+02 
       5.706550497158e-01       2.299764702271e+02 
       5.738609978523e-01       2.272294756312e+02 
       5.770669460986e-01       2.245286337531e+02 
       5.802728944529e-01       2.218701079292e+02 
       5.834788429135e-01       2.192518755276e+02 
       5.866847914786e-01       2.166733306451e+02 
       5.898907401464e-01       2.141348091802e+02 
       5.930966889154e-01       2.116361099851e+02 
       5.963026377838e-01       2.091759420785e+02 
       5.995085867501e-01       2.067524017170e+02 
       6.027145358127e-01       2.043634736121e+02 
       6.059204849701e-01       2.020083882448e+02 
       6.091264342208e-01       1.996876481409e+02 
       6.123323835632e-01       1.974029499121e+02 
       6.155383329960e-01       1.951564728132e+02 
       6.187442825178e-01       1.929490620650e+02 
       6.219502321271e-01       1.907801360735e+02 
       6.251561818227e-01       1.886477468672e+02 
       6.283621316032e-01       1.865500003425e+02 
       6.315680814673e-01       1.844852225940e+02 
       6.347740314137e-01       1.824523634482e+02 
       6.724228932094e-01       1.607791667350e+02 
       7.179757551132e-01       1.390614070038e+02 
       7.759191671389e-01       1.169511395469e+02 
       8.550891675485e-01       9.396243352544e+01 
       9.740086028697e-01       6.983351304648e+01 
       1.166615838207e+00       4.600688037619e+01 
