# Matter power spectrum P(k) at redshift z=0
# for k=1.04299e-05 to 1.0606 h/Mpc,
# number of wavenumbers equal to 562
#    1:k (h/Mpc)              2:P (Mpc/h)^3        
       1.042992813617e-05       4.837525860371e+01 
       2.355052711268e-05       1.062500163103e+02 
       3.671840246518e-05       1.631755931028e+02 
       4.997031549082e-05       2.197493813594e+02 
       6.334365272373e-05       2.763158629992e+02 
       7.687677176946e-05       3.331367393971e+02 
       9.060935851900e-05       3.904383558422e+02 
       1.045828006604e-04       4.484311819036e+02 
       1.188405824419e-04       5.073198400288e+02 
       1.334287056750e-04       5.673092928514e+02 
       1.483961419661e-04       6.286091908871e+02 
       1.637953210781e-04       6.914372857452e+02 
       1.796826600921e-04       7.560225144305e+02 
       1.961191375613e-04       8.226077022447e+02 
       2.131709160162e-04       8.914522907233e+02 
       2.309100148119e-04       9.628350382545e+02 
       2.494150332114e-04       1.037056678367e+03 
       2.687719204783e-04       1.114442724177e+03 
       2.890747852790e-04       1.195346152695e+03 
       3.104267304604e-04       1.280150122755e+03 
       3.329406907959e-04       1.369270433854e+03 
       3.567402401194e-04       1.463157795373e+03 
       3.819603199587e-04       1.562299501037e+03 
       4.087478241260e-04       1.667220357732e+03 
       4.372619529276e-04       1.778482502148e+03 
       4.676742276507e-04       1.896683618646e+03 
       5.001680328977e-04       2.022453141507e+03 
       5.349375348891e-04       2.156445837144e+03 
       5.721858138185e-04       2.299332230205e+03 
       6.121220555712e-04       2.451785410759e+03 
       6.549576819128e-04       2.614463852015e+03 
       7.009013676241e-04       2.787990301428e+03 
       7.501530034817e-04       2.972927243295e+03 
       8.028968130321e-04       3.169749871809e+03 
       8.592940039737e-04       3.378818531521e+03 
       9.194755022140e-04       3.600352448285e+03 
       9.835354370250e-04       3.834408061915e+03 
       1.051526075770e-03       4.080864027753e+03 
       1.123454816084e-03       4.339415440426e+03 
       1.199283630373e-03       4.609578229670e+03 
       1.278931056286e-03       4.890704054448e+03 
       1.362276500811e-03       5.182003907956e+03 
       1.449166347997e-03       5.482548546829e+03 
       1.539421188348e-03       5.791335486367e+03 
       1.632843446219e-03       6.107390012250e+03 
       1.729224757391e-03       6.429677087301e+03 
       1.828352604108e-03       6.757174340547e+03 
       1.930015901479e-03       7.088893266725e+03 
       2.034009406405e-03       7.423895392171e+03 
       2.140136961896e-03       7.761303845481e+03 
       2.248213685767e-03       8.100310114571e+03 
       2.358067265165e-03       8.440176363378e+03 
       2.469538536151e-03       8.780236214414e+03 
       2.582481521480e-03       9.119891417960e+03 
       2.696763079855e-03       9.458609479346e+03 
       2.812262294070e-03       9.795919084357e+03 
       2.928869698711e-03       1.013140336904e+04 
       3.046486423601e-03       1.046469867945e+04 
       3.165023308250e-03       1.079548561301e+04 
       3.284400025706e-03       1.112348747748e+04 
       3.404544241093e-03       1.144846338183e+04 
       3.525390820337e-03       1.177020542304e+04 
       3.646881097466e-03       1.208853704732e+04 
       3.768962203875e-03       1.240330459388e+04 
       3.891586459585e-03       1.271438067400e+04 
       4.014710824341e-03       1.302165603153e+04 
       4.138296405072e-03       1.332504085630e+04 
       4.262308015513e-03       1.362445998666e+04 
       4.386713783508e-03       1.391985609765e+04 
       4.511484801461e-03       1.421118111685e+04 
       4.636594815597e-03       1.449839720643e+04 
       4.762019949890e-03       1.478147981907e+04 
       4.887738460897e-03       1.506040957145e+04 
       5.013730520004e-03       1.533517503871e+04 
       5.139978019987e-03       1.560577158076e+04 
       5.266464403060e-03       1.587220365685e+04 
       5.393174507947e-03       1.613447362352e+04 
       5.520094433729e-03       1.639258943025e+04 
       5.647211418540e-03       1.664657058779e+04 
       5.774513731361e-03       1.689643683419e+04 
       5.901990575396e-03       1.714220252227e+04 
       6.029632001697e-03       1.738389481446e+04 
       6.157428831848e-03       1.762153751034e+04 
       6.285372588676e-03       1.785516200121e+04 
       6.413455434077e-03       1.808479492342e+04 
       6.541670113161e-03       1.831046533492e+04 
       6.670009904000e-03       1.853221144859e+04 
       6.798468572359e-03       1.875006520520e+04 
       6.927040330881e-03       1.896405425239e+04 
       7.055719802215e-03       1.917419948255e+04 
       7.184501985683e-03       1.938059164812e+04 
       7.313382227104e-03       1.958321033170e+04 
       7.442356191438e-03       1.978210821291e+04 
       7.571419837961e-03       1.997732788599e+04 
       7.700569397709e-03       2.016889864868e+04 
       7.829801352954e-03       2.035685685888e+04 
       7.959112418523e-03       2.054124170204e+04 
       8.088499524751e-03       2.072208993299e+04 
       8.217959801931e-03       2.089943995829e+04 
       8.347490566102e-03       2.107331656872e+04 
       8.477089306046e-03       2.124377883802e+04 
       8.606753671384e-03       2.141084224099e+04 
       8.736481461668e-03       2.157455105560e+04 
       8.866270616363e-03       2.173493998727e+04 
       8.996119205657e-03       2.189204971456e+04 
       9.126025422010e-03       2.204591465062e+04 
       9.255987572373e-03       2.219656025352e+04 
       9.386004071034e-03       2.234402302527e+04 
       9.516073433011e-03       2.248834380406e+04 
       9.646194267973e-03       2.262955184653e+04 
       9.776365274617e-03       2.276767434171e+04 
       9.906585235478e-03       2.290275535512e+04 
       1.003685301213e-02       2.303483280353e+04 
       1.016716754075e-02       2.316392038907e+04 
       1.029752782801e-02       2.329006536318e+04 
       1.042793294727e-02       2.341329051147e+04 
       1.055838203504e-02       2.353362766998e+04 
       1.068887428774e-02       2.365111579047e+04 
       1.081940895863e-02       2.376578067085e+04 
       1.094998535503e-02       2.387765519230e+04 
       1.108060283568e-02       2.398675538886e+04 
       1.121126080830e-02       2.409312764068e+04 
       1.134195872739e-02       2.419679502589e+04 
       1.147269609207e-02       2.429778488642e+04 
       1.160347244416e-02       2.439611536518e+04 
       1.173428736638e-02       2.449184079116e+04 
       1.186514048064e-02       2.458496271814e+04 
       1.199603144647e-02       2.467551017339e+04 
       1.212695995960e-02       2.476352251480e+04 
       1.225792575057e-02       2.484901801209e+04 
       1.238892858348e-02       2.493202822149e+04 
       1.251996825483e-02       2.501258123186e+04 
       1.265104459242e-02       2.509068225457e+04 
       1.278215745436e-02       2.516637955539e+04 
       1.291330672810e-02       2.523969369535e+04 
       1.304449232962e-02       2.531063115730e+04 
       1.317571420255e-02       2.537923049926e+04 
       1.330697231750e-02       2.544551081183e+04 
       1.343826667133e-02       2.550950380516e+04 
       1.356959728653e-02       2.557121064558e+04 
       1.370096421064e-02       2.563066613187e+04 
       1.383236751569e-02       2.568788974073e+04 
       1.396380729774e-02       2.574291362118e+04 
       1.409528367644e-02       2.579573954108e+04 
       1.422679679456e-02       2.584639326289e+04 
       1.435834681770e-02       2.589489973038e+04 
       1.448993393388e-02       2.594127843568e+04 
       1.462155835330e-02       2.598556003648e+04 
       1.475322030803e-02       2.602772796879e+04 
       1.488492005180e-02       2.606783901187e+04 
       1.501665785978e-02       2.610589005241e+04 
       1.514843402840e-02       2.614190257536e+04 
       1.528024887522e-02       2.617590426960e+04 
       1.541210273875e-02       2.620787516757e+04 
       1.554399597844e-02       2.623788708400e+04 
       1.567592897452e-02       2.626589613014e+04 
       1.580790212799e-02       2.629196811949e+04 
       1.593991586058e-02       2.631609047458e+04 
       1.607197061475e-02       2.633827834940e+04 
       1.620406685368e-02       2.635855561435e+04 
       1.633620506134e-02       2.637694011188e+04 
       1.646838574252e-02       2.639341851790e+04 
       1.660060942291e-02       2.640803100144e+04 
       1.673287664917e-02       2.642078432170e+04 
       1.686518798910e-02       2.643167070944e+04 
       1.699754403171e-02       2.644069289987e+04 
       1.712994538739e-02       2.644790326918e+04 
       1.726239268808e-02       2.645326691408e+04 
       1.739488658746e-02       2.645684243412e+04 
       1.752742776112e-02       2.645862384488e+04 
       1.766001690681e-02       2.645857370747e+04 
       1.779265474466e-02       2.645672745969e+04 
       1.792534201743e-02       2.645306060149e+04 
       1.805807949077e-02       2.644764030458e+04 
       1.819086795355e-02       2.644047950566e+04 
       1.832370821808e-02       2.643148193780e+04 
       1.845660112051e-02       2.642071260647e+04 
       1.858954752113e-02       2.640818722782e+04 
       1.872254830469e-02       2.639387475482e+04 
       1.885560438083e-02       2.637777759547e+04 
       1.898871668443e-02       2.635991910842e+04 
       1.912188617602e-02       2.634027512650e+04 
       1.925511384219e-02       2.631889516235e+04 
       1.938840069605e-02       2.629563835633e+04 
       1.952174777766e-02       2.627062293709e+04 
       1.965515615453e-02       2.624383302733e+04 
       1.978862692207e-02       2.621522544518e+04 
       1.992216120415e-02       2.618478097179e+04 
       2.005576015360e-02       2.615248229941e+04 
       2.018942495276e-02       2.611835935992e+04 
       2.032315681403e-02       2.608235325406e+04 
       2.045695698051e-02       2.604448778793e+04 
       2.059082672656e-02       2.600469284211e+04 
       2.072476735841e-02       2.596295710589e+04 
       2.085878021488e-02       2.591935212226e+04 
       2.099286666798e-02       2.587370002285e+04 
       2.112702812364e-02       2.582607722980e+04 
       2.126126602241e-02       2.577636513322e+04 
       2.139558184021e-02       2.572462295482e+04 
       2.152997708908e-02       2.567078588267e+04 
       2.166445331796e-02       2.561474074990e+04 
       2.179901211351e-02       2.555654806679e+04 
       2.193365510096e-02       2.549606923075e+04 
       2.206838394494e-02       2.543334474046e+04 
       2.220320035039e-02       2.536820011812e+04 
       2.233810606349e-02       2.530066907231e+04 
       2.247310287257e-02       2.523061693939e+04 
       2.260819260913e-02       2.515803003092e+04 
       2.274337714880e-02       2.508272606107e+04 
       2.287865841240e-02       2.500469769323e+04 
       2.301403836704e-02       2.492384286694e+04 
       2.314951902715e-02       2.483998707934e+04 
       2.328510245569e-02       2.475309367828e+04 
       2.342079076530e-02       2.466299132133e+04 
       2.355658611947e-02       2.456956141379e+04 
       2.369249073385e-02       2.447253074511e+04 
       2.382850687751e-02       2.437195398519e+04 
       2.396463687425e-02       2.426740317582e+04 
       2.410088310399e-02       2.415873517824e+04 
       2.423724800418e-02       2.404574336916e+04 
       2.437373407126e-02       2.392812254644e+04 
       2.451034386217e-02       2.380556455997e+04 
       2.464707999586e-02       2.367765148811e+04 
       2.478394515497e-02       2.354404773825e+04 
       2.492094208740e-02       2.340410687567e+04 
       2.505807360808e-02       2.325731763951e+04 
       2.519534260070e-02       2.310291428494e+04 
       2.533275201955e-02       2.294008170557e+04 
       2.547030489138e-02       2.276769201359e+04 
       2.560800431736e-02       2.258410245510e+04 
       2.574585347507e-02       2.238648722533e+04 
       2.588385562060e-02       2.217092468253e+04 
       2.602201409066e-02       2.193381189391e+04 
       2.616033230484e-02       2.167352411806e+04 
       2.629881376784e-02       2.139299566955e+04 
       2.643746207189e-02       2.110036338162e+04 
       2.657628089919e-02       2.080707710278e+04 
       2.671527402441e-02       2.052532226653e+04 
       2.685444531738e-02       2.026417647518e+04 
       2.699379874572e-02       2.002755031810e+04 
       2.713333837773e-02       1.981460837208e+04 
       2.727306838522e-02       1.962150579147e+04 
       2.741299304661e-02       1.944388830528e+04 
       2.755311674998e-02       1.927810309019e+04 
       2.769344399631e-02       1.912194059871e+04 
       2.783397940288e-02       1.897371248295e+04 
       2.797472770669e-02       1.883247526412e+04 
       2.811569376808e-02       1.869729914346e+04 
       2.825688257447e-02       1.856745724537e+04 
       2.839829924424e-02       1.844229831549e+04 
       2.853994903071e-02       1.832140835183e+04 
       2.868183732636e-02       1.820426179731e+04 
       2.882396966713e-02       1.809054996136e+04 
       2.896635173694e-02       1.798004005076e+04 
       2.910898937233e-02       1.787231149557e+04 
       2.925188856736e-02       1.776715980781e+04 
       2.939505547861e-02       1.766446282086e+04 
       2.953849643045e-02       1.756395336270e+04 
       2.968221792050e-02       1.746552489333e+04 
       2.982622662529e-02       1.736898998711e+04 
       2.997052940618e-02       1.727422743906e+04 
       3.011513331549e-02       1.718102486338e+04 
       3.026004560292e-02       1.708940984847e+04 
       3.040527372222e-02       1.699924616602e+04 
       3.055082533811e-02       1.691042839150e+04 
       3.069670833356e-02       1.682284653144e+04 
       3.084293081731e-02       1.673652328942e+04 
       3.098950113178e-02       1.665114357035e+04 
       3.113642786125e-02       1.656692591349e+04 
       3.128371984048e-02       1.648373273008e+04 
       3.143138616364e-02       1.640142638434e+04 
       3.157943619368e-02       1.632001907623e+04 
       3.172787957211e-02       1.623949613620e+04 
       3.187672622922e-02       1.615973069796e+04 
       3.202598639477e-02       1.608079293242e+04 
       3.217567060919e-02       1.600259868657e+04 
       3.232578973529e-02       1.592497184178e+04 
       3.247635497049e-02       1.584811340376e+04 
       3.262737785971e-02       1.577188240929e+04 
       3.277887030880e-02       1.569620161170e+04 
       3.293084459865e-02       1.562120826383e+04 
       3.308331340004e-02       1.554671916932e+04 
       3.323628978911e-02       1.547274737457e+04 
       3.338978726374e-02       1.539933148675e+04 
       3.354381976063e-02       1.532641440511e+04 
       3.369840167335e-02       1.525397287625e+04 
       3.385354787126e-02       1.518198937485e+04 
       3.400927371943e-02       1.511043337741e+04 
       3.416559509960e-02       1.503936494018e+04 
       3.432252843227e-02       1.496867623519e+04 
       3.448009069997e-02       1.489841120525e+04 
       3.463829947176e-02       1.482853366177e+04 
       3.479717292914e-02       1.475901200470e+04 
       3.495672989332e-02       1.468989003860e+04 
       3.511698985407e-02       1.462114890216e+04 
       3.527797300018e-02       1.455271383981e+04 
       3.543970025165e-02       1.448463958500e+04 
       3.560219329384e-02       1.441687846267e+04 
       3.576547461343e-02       1.434951561836e+04 
       3.592956753674e-02       1.428242562823e+04 
       3.609449627018e-02       1.421559241078e+04 
       3.626028594319e-02       1.414909377714e+04 
       3.642696265390e-02       1.408287758824e+04 
       3.659455351750e-02       1.401696954042e+04 
       3.676308671777e-02       1.395130216691e+04 
       3.693259156178e-02       1.388590644731e+04 
       3.710309853825e-02       1.382083141658e+04 
       3.727463937958e-02       1.375598466342e+04 
       3.744724712806e-02       1.369138103080e+04 
       3.762095620655e-02       1.362705057311e+04 
       3.779580249384e-02       1.356297562625e+04 
       3.797182340532e-02       1.349908261862e+04 
       3.814905797920e-02       1.343547158684e+04 
       3.832754696881e-02       1.337204293216e+04 
       3.850733294155e-02       1.330888298706e+04 
       3.868846038503e-02       1.324588994644e+04 
       3.887097582099e-02       1.318314534989e+04 
       3.905492792772e-02       1.312057798057e+04 
       3.924036767181e-02       1.305825069938e+04 
       3.942734845002e-02       1.299609427422e+04 
       3.961592624212e-02       1.293408392627e+04 
       3.980615977603e-02       1.287232920125e+04 
       3.999811070601e-02       1.281071807268e+04 
       4.019184380562e-02       1.274929443908e+04 
       4.038742717651e-02       1.268804502269e+04 
       4.058493247495e-02       1.262694239224e+04 
       4.078443515766e-02       1.256604762898e+04 
       4.098601474905e-02       1.250527275298e+04 
       4.118975513222e-02       1.244466608202e+04 
       4.139574486601e-02       1.238413323705e+04 
       4.160407753115e-02       1.232377840862e+04 
       4.181485210868e-02       1.226354800210e+04 
       4.202817339422e-02       1.220346944231e+04 
       4.224415245219e-02       1.214347514168e+04 
       4.246290711476e-02       1.208364048783e+04 
       4.268456253072e-02       1.202382138310e+04 
       4.290925177035e-02       1.196420567432e+04 
       4.313711649317e-02       1.190461620058e+04 
       4.336830768659e-02       1.184515382439e+04 
       4.360298648432e-02       1.178569055580e+04 
       4.384132507522e-02       1.172635381536e+04 
       4.408350771437e-02       1.166702675995e+04 
       4.432973185061e-02       1.160779373331e+04 
       4.458020938630e-02       1.154862839118e+04 
       4.483516808845e-02       1.148942354782e+04 
       4.509485317291e-02       1.143025892751e+04 
       4.535952908737e-02       1.137109837518e+04 
       4.562948152311e-02       1.131193600131e+04 
       4.590501969118e-02       1.125277677215e+04 
       4.618647890466e-02       1.119354115963e+04 
       4.647422351673e-02       1.113428774469e+04 
       4.676865027370e-02       1.107495154369e+04 
       4.707019215339e-02       1.101554694089e+04 
       4.737932277359e-02       1.095602099848e+04 
       4.769656147242e-02       1.089642192534e+04 
       4.802247918345e-02       1.083665820822e+04 
       4.835770525518e-02       1.077666578757e+04 
       4.870293539653e-02       1.071656852472e+04 
       4.905894097124e-02       1.065620768912e+04 
       4.942657991471e-02       1.059564027296e+04 
       4.980680961132e-02       1.053471413765e+04 
       5.020070215105e-02       1.047346087188e+04 
       5.060946248711e-02       1.041183236736e+04 
       5.103445014667e-02       1.034979840707e+04 
       5.147720531305e-02       1.028722373946e+04 
       5.193948030950e-02       1.022410190684e+04 
       5.242327778475e-02       1.016027501228e+04 
       5.293089724320e-02       1.009571423267e+04 
       5.346499199533e-02       1.003020502004e+04 
       5.402863914236e-02       9.963661651566e+03 
       5.462542586530e-02       9.895837794439e+03 
       5.525955605411e-02       9.826549492037e+03 
       5.593598214006e-02       9.755433555158e+03 
       5.666056773725e-02       9.682160591344e+03 
       5.744028701937e-02       9.606223365258e+03 
       5.828346592615e-02       9.526976132084e+03 
       5.920006684013e-02       9.443544985761e+03 
       6.020200948358e-02       9.354763382353e+03 
       6.130350138327e-02       9.259109580968e+03 
       6.252131301309e-02       9.154406715059e+03 
       6.387486424696e-02       9.037698074240e+03 
       6.538588094154e-02       8.904987879495e+03 
       6.707724643984e-02       8.750969524109e+03 
       6.897059460539e-02       8.568875421984e+03 
       7.108238020586e-02       8.350781871988e+03 
       7.341891617667e-02       8.088264451807e+03 
       7.597216987433e-02       7.773426799836e+03 
       7.871896957907e-02       7.394764449817e+03 
       8.162507886710e-02       6.965498442301e+03 
       8.465250002337e-02       6.564209184651e+03 
       8.776633120890e-02       6.165037365505e+03 
       9.093858518648e-02       5.776969397969e+03 
       9.414887943246e-02       5.412787782202e+03 
       9.738331573007e-02       5.083248338702e+03 
       1.006328202320e-01       4.795236553435e+03 
       1.038916315749e-01       4.551456098054e+03 
       1.071561550568e-01       4.350806606579e+03 
       1.104241719395e-01       4.189080005354e+03 
       1.136943217502e-01       4.059778137396e+03 
       1.169657735533e-01       3.954933236296e+03 
       1.202380209775e-01       3.865902799474e+03 
       1.235107557937e-01       3.784145335610e+03 
       1.267837904499e-01       3.702045266064e+03 
       1.300570107926e-01       3.613468741969e+03 
       1.333303472779e-01       3.514272799717e+03 
       1.366037574685e-01       3.402862774609e+03 
       1.398772153984e-01       3.279452861329e+03 
       1.431507051153e-01       3.146287266955e+03 
       1.464242167589e-01       3.007047263187e+03 
       1.496977441802e-01       2.866173295872e+03 
       1.529712834954e-01       2.728223415585e+03 
       1.562448322068e-01       2.597343058209e+03 
       1.595183886692e-01       2.476875006960e+03 
       1.627919517643e-01       2.369105147145e+03 
       1.660655207028e-01       2.275171819319e+03 
       1.693390949033e-01       2.195108398374e+03 
       1.726126739179e-01       2.127965713864e+03 
       1.758862573867e-01       2.072006729610e+03 
       1.791598450094e-01       2.024933655923e+03 
       1.824334365275e-01       1.984140106327e+03 
       1.857070317135e-01       1.946979013824e+03 
       1.889806303627e-01       1.911441344394e+03 
       1.922542322896e-01       1.874830812494e+03 
       1.955278373236e-01       1.835461979074e+03 
       1.988014453072e-01       1.792305007498e+03 
       2.020750560943e-01       1.745045402228e+03 
       2.053486695487e-01       1.694072892308e+03 
       2.086222855433e-01       1.640325335418e+03 
       2.118959039591e-01       1.585104554947e+03 
       2.151695246844e-01       1.529843987934e+03 
       2.184431476147e-01       1.475916638882e+03 
       2.217167726513e-01       1.424498610839e+03 
       2.249903997017e-01       1.376511883922e+03 
       2.282640286785e-01       1.332580778079e+03 
       2.315376594995e-01       1.293040199170e+03 
       2.348112920870e-01       1.257938111556e+03 
       2.380849263675e-01       1.227041614583e+03 
       2.413585622718e-01       1.199869104270e+03 
       2.446321997343e-01       1.175730800524e+03 
       2.479058386927e-01       1.153809256243e+03 
       2.511794790882e-01       1.133244914670e+03 
       2.544531208651e-01       1.113236755105e+03 
       2.577267639703e-01       1.093112223070e+03 
       2.610004083535e-01       1.072373774551e+03 
       2.642740539670e-01       1.050726630564e+03 
       2.675477007652e-01       1.028051185997e+03 
       2.708213487051e-01       1.004401747195e+03 
       2.740949977455e-01       9.799759367386e+02 
       2.773686478470e-01       9.550892203926e+02 
       2.806422989725e-01       9.301382352713e+02 
       2.839159510863e-01       9.055602640894e+02 
       2.871896041544e-01       8.817810788455e+02 
       2.904632581443e-01       8.591590596256e+02 
       2.937369130251e-01       8.379547940593e+02 
       2.970105687671e-01       8.183001969439e+02 
       3.002842253420e-01       8.002086725211e+02 
       3.035578827227e-01       7.835933961336e+02 
       3.068315408834e-01       7.682882919763e+02 
       3.101051997991e-01       7.540857761076e+02 
       3.133788594461e-01       7.407556521041e+02 
       3.166525198016e-01       7.280517131657e+02 
       3.199261808437e-01       7.157368966385e+02 
       3.231998425515e-01       7.035904443176e+02 
       3.264735049048e-01       6.914297247245e+02 
       3.297471678843e-01       6.791219212893e+02 
       3.330208314714e-01       6.666050248164e+02 
       3.362944956484e-01       6.538784802379e+02 
       3.395681603981e-01       6.410050534589e+02 
       3.428418257039e-01       6.280836486417e+02 
       3.461154915501e-01       6.152321974202e+02 
       3.493891579214e-01       6.025708434064e+02 
       3.526628248031e-01       5.902081718380e+02 
       3.559364921810e-01       5.782427925339e+02 
       3.592101600416e-01       5.667524205691e+02 
       3.624838283716e-01       5.557929426245e+02 
       3.657574971585e-01       5.453969534365e+02 
       3.690311663899e-01       5.355638965091e+02 
       3.723048360542e-01       5.262615854594e+02 
       3.755785061399e-01       5.174275613246e+02 
       3.788521766362e-01       5.089786715509e+02 
       3.821258475323e-01       5.008283785740e+02 
       3.853995188181e-01       4.928926485305e+02 
       3.886731904837e-01       4.851041194633e+02 
       3.919468625195e-01       4.774128334321e+02 
       3.952205349162e-01       4.697838827674e+02 
       3.984942076650e-01       4.621946144702e+02 
       4.017678807573e-01       4.546356228721e+02 
       4.050415541845e-01       4.471066141850e+02 
       4.083152279387e-01       4.396205313161e+02 
       4.115889020121e-01       4.321990160933e+02 
       4.148625763970e-01       4.248797000725e+02 
       4.181362510861e-01       4.176976970566e+02 
       4.214099260722e-01       4.106875762413e+02 
       4.246836013486e-01       4.038742623414e+02 
       4.279572769084e-01       3.972720014202e+02 
       4.312309527453e-01       3.908847861136e+02 
       4.345046288528e-01       3.847091066195e+02 
       4.377783052251e-01       3.787376958020e+02 
       4.410519818560e-01       3.729623200859e+02 
       4.443256587399e-01       3.673716053663e+02 
       4.475993358712e-01       3.619511237272e+02 
       4.508730132446e-01       3.566792514856e+02 
       4.541466908546e-01       3.515324737391e+02 
       4.574203686964e-01       3.464874500736e+02 
       4.606940467648e-01       3.415199253813e+02 
       4.639677250551e-01       3.366155169332e+02 
       4.672414035626e-01       3.317666329859e+02 
       4.705150822827e-01       3.269722648055e+02 
       4.737887612111e-01       3.222351501232e+02 
       4.770624403433e-01       3.175580663519e+02 
       4.803361196754e-01       3.129457570670e+02 
       4.836097992030e-01       3.084028990889e+02 
       4.868834789225e-01       3.039351337471e+02 
       4.901571588297e-01       2.995511758143e+02 
       4.934308389211e-01       2.952615177768e+02 
       4.967045191929e-01       2.910753112282e+02 
       4.999781996416e-01       2.869989763093e+02 
       5.032518802637e-01       2.830322136765e+02 
       5.065255610559e-01       2.791709936787e+02 
       5.097992420149e-01       2.754065837172e+02 
       5.130729231374e-01       2.717294125062e+02 
       5.163466044204e-01       2.681310116897e+02 
       5.196202858608e-01       2.646049365150e+02 
       5.228939674557e-01       2.611453216411e+02 
       5.261676492020e-01       2.577473067408e+02 
       5.294413310972e-01       2.544050131058e+02 
       5.327150131383e-01       2.511124924190e+02 
       5.359886953227e-01       2.478647172464e+02 
       5.392623776477e-01       2.446585568119e+02 
       5.425360601109e-01       2.414946258208e+02 
       5.458097427097e-01       2.383761504722e+02 
       5.490834254418e-01       2.353075955621e+02 
       5.523571083046e-01       2.322919603823e+02 
       5.556307912960e-01       2.293327129809e+02 
       5.589044744136e-01       2.264284309863e+02 
       5.621781576552e-01       2.235793243189e+02 
       5.654518410187e-01       2.207819841899e+02 
       5.687255245019e-01       2.180368252880e+02 
       5.719992081029e-01       2.153446132749e+02 
       5.752728918195e-01       2.127059720305e+02 
       5.785465756498e-01       2.101203399159e+02 
       5.818202595919e-01       2.075853977593e+02 
       5.850939436439e-01       2.050971675101e+02 
       5.883676278040e-01       2.026513368764e+02 
       5.916413120704e-01       2.002444777137e+02 
       5.949149964412e-01       1.978744391539e+02 
       5.981886809149e-01       1.955408250267e+02 
       6.014623654896e-01       1.932438881234e+02 
       6.047360501638e-01       1.909832962642e+02 
       6.080097349359e-01       1.887579189699e+02 
       6.112834198042e-01       1.865656692994e+02 
       6.145571047672e-01       1.844048395503e+02 
       6.178307898235e-01       1.822744802981e+02 
       6.211044749715e-01       1.801749273471e+02 
       6.243781602098e-01       1.781079253627e+02 
       6.276518455370e-01       1.760752094272e+02 
       6.625135466939e-01       1.564095822283e+02 
       7.037436231089e-01       1.368896991166e+02 
       7.545119035962e-01       1.172544316688e+02 
       8.207344687396e-01       9.709392493227e+01 
       9.144407916117e-01       7.599450541443e+01 
       1.060599582886e+00       5.407804939852e+01 
